

==================================================
                  Term Frequency                  
==================================================

     |  word_1  word_2  word_3  word_4  word_5  word_6  word_7  word_8  word_9 word_10
d1   |    0.17    0.33    0.00    0.17    0.00    0.17    0.17    0.00    0.17    0.33
d2   |    1.00    0.67    0.33    0.33    0.00    0.67    0.33    0.00    0.33    0.67
d3   |    1.00    0.33    0.67    0.67    0.17    0.67    0.17    0.33    0.17    0.00
d4   |    0.40    0.40    0.20    0.40    0.00    0.40    0.20    0.20    0.20    0.60
d5   |    0.67    0.33    0.00    0.67    0.83    0.83    0.17    0.00    0.17    0.00
d6   |    0.33    0.67    0.33    0.33    0.00    0.67    0.33    0.33    0.33    0.00
d7   |    0.71    0.10    0.19    0.29    0.67    0.24    0.19    0.00    0.05    0.19
d8   |    1.00    0.40    0.20    0.60    0.00    0.40    0.20    0.20    0.20    0.20
d9   |    0.89    0.22    0.00    0.44    0.11    0.22    0.11    0.00    0.11    0.00
d10  |    1.00    0.25    0.12    0.62    1.00    0.25    0.12    0.12    0.12    0.12
d11  |    0.33    0.67    0.00    0.33    0.67    0.67    0.33    0.00    0.33    0.00
d12  |    0.33    0.67    0.67    0.33    0.33    0.33    0.33    0.33    0.33    0.33
d13  |    0.50    0.50    0.00    0.50    0.00    0.50    0.25    0.00    0.25    0.00
d14  |    0.23    0.15    0.08    0.15    1.00    0.00    0.23    0.08    0.08    0.00
d15  |    0.60    0.40    0.20    1.00    0.00    0.40    0.20    0.20    0.20    0.00
d16  |    0.75    0.25    0.12    0.62    0.00    0.88    0.12    0.25    0.12    0.62
d17  |    0.20    0.10    0.05    0.05    1.00    0.00    0.05    0.05    0.05    0.00
d18  |    1.00    0.15    0.15    0.15    0.00    0.54    0.08    0.15    0.08    0.00
d19  |    0.20    0.40    0.00    0.20    0.20    0.40    0.20    0.00    0.20    0.40
d20  |    0.75    0.50    0.25    1.00    0.00    0.75    0.25    0.25    0.25    0.75
d21  |    0.78    0.22    0.11    0.00    0.67    0.11    0.11    0.11    0.11    0.00
d22  |    0.38    0.25    0.00    0.38    0.62    0.12    0.12    0.00    0.12    0.00
d23  |    0.83    0.33    0.00    0.67    0.50    0.50    0.17    0.00    0.17    0.00
d24  |    1.00    0.50    0.00    0.50    0.00    0.25    0.25    0.00    0.25    0.00
d25  |    0.47    0.12    0.06    0.00    1.00    0.12    0.06    0.06    0.06    0.00
d26  |    1.00    0.67    0.33    1.00    0.00    0.33    0.33    0.00    0.33    0.67
d27  |    0.67    0.33    0.33    0.17    0.00    0.17    0.33    0.00    0.67    0.33
d28  |    0.17    0.17    0.33    0.08    0.00    0.17    0.17    0.08    0.08    0.00
d29  |    0.00    0.33    0.00    0.00    0.00    0.00    0.67    0.00    0.33    0.00
d30  |    1.00    0.20    0.50    0.70    0.00    0.30    0.10    0.50    0.10    0.60
d31  |    0.19    0.12    0.12    0.19    0.00    0.12    0.06    0.12    0.25    0.19
d32  |    0.00    0.33    0.00    0.00    0.00    0.00    0.67    0.00    0.33    0.00
d33  |    0.50    0.33    0.17    0.50    0.33    0.50    0.17    0.17    0.17    0.00
d34  |    0.75    0.25    0.00    0.38    0.25    0.12    0.12    0.00    0.12    0.25
d35  |    1.00    0.50    0.00    0.00    0.75    0.50    0.25    0.00    0.25    0.00
d36  |    0.50    0.50    0.25    1.00    0.25    0.75    0.25    0.25    0.25    0.00
d37  |    0.33    0.33    0.17    0.33    0.50    0.17    0.17    0.00    0.17    0.00
d38  |    0.25    0.50    0.50    0.25    0.00    0.00    0.25    0.25    0.25    0.00
d39  |    0.00    0.33    0.00    0.00    0.00    0.00    0.67    0.00    0.33    0.00
d40  |    0.56    0.22    0.00    1.00    0.00    0.56    0.11    0.00    0.11    0.00
d41  |    1.00    0.20    0.00    0.30    0.10    0.20    0.10    0.00    0.10    0.20
d42  |    0.20    0.40    0.20    0.20    0.00    0.60    0.20    0.20    0.20    0.20
d43  |    0.64    0.18    0.09    0.27    0.82    0.18    0.09    0.09    0.09    0.00
d44  |    0.00    0.33    0.00    0.00    0.00    0.00    0.67    0.00    0.33    0.00
d45  |    0.50    1.00    0.00    0.50    0.00    0.00    0.50    0.00    0.50    0.00
d46  |    1.00    0.29    0.00    0.43    0.00    0.43    0.14    0.00    0.14    0.29
d47  |    1.00    0.20    0.20    0.30    0.30    0.10    0.10    0.10    0.10    0.00
d48  |    0.18    0.18    0.09    0.27    0.00    0.09    0.09    0.09    0.09    0.00
d49  |    0.80    0.40    0.20    0.80    0.00    0.40    0.20    0.20    0.20    0.40
d50  |    1.00    0.50    0.25    0.50    0.00    0.75    0.25    0.00    0.25    0.75
d51  |    0.67    0.33    0.00    0.00    1.00    0.17    0.17    0.00    0.17    0.00
d52  |    0.50    0.50    0.00    0.25    0.00    0.25    0.25    0.00    0.25    0.00
d53  |    0.50    0.33    0.17    0.17    0.00    0.33    0.17    0.17    0.17    0.00
d54  |    0.71    0.29    0.14    0.29    0.00    0.29    0.14    0.00    0.14    0.43
d55  |    1.00    0.67    0.67    1.00    0.33    0.67    0.33    0.33    0.33    1.00
d56  |    1.00    0.67    0.33    1.00    0.33    1.00    0.33    0.33    0.33    0.00
d57  |    0.59    0.09    0.00    0.14    0.09    0.05    0.05    0.00    0.05    0.09
d58  |    0.44    0.22    0.00    0.33    0.11    0.33    0.11    0.11    0.11    0.00
d59  |    0.60    0.20    0.10    0.10    0.10    0.10    0.10    0.10    0.10    0.00
d60  |    0.20    0.20    0.40    0.10    0.00    0.40    0.10    0.30    0.10    0.00
d61  |    0.50    0.50    0.00    0.75    0.00    0.75    0.25    0.25    0.25    0.75
d62  |    0.33    0.67    0.67    0.33    0.00    0.33    0.33    0.67    0.33    0.00
d63  |    0.80    0.40    0.80    0.60    1.00    0.60    0.20    0.00    0.20    0.60
d64  |    1.00    0.33    0.00    0.50    0.17    0.50    0.17    0.00    0.17    0.00
d65  |    1.00    0.12    0.00    0.62    0.06    0.38    0.06    0.00    0.06    0.00
d66  |    0.71    0.29    0.00    0.71    0.14    0.29    0.43    0.00    0.14    0.57
d67  |    1.00    0.40    0.20    0.60    0.20    0.00    0.20    0.20    0.20    0.00
d68  |    0.00    0.33    0.00    0.00    0.00    0.00    0.67    0.00    0.33    0.00
d69  |    0.17    0.33    0.00    0.00    0.17    0.33    0.17    0.00    0.17    0.00
d70  |    0.94    0.11    0.22    0.61    0.61    1.00    0.06    0.22    0.06    0.00
d71  |    1.00    0.40    0.00    1.00    0.40    0.60    0.20    0.00    0.20    0.60
d72  |    0.62    0.25    0.12    0.25    0.00    0.12    0.12    0.12    0.12    0.25
d73  |    1.00    0.40    0.00    0.00    0.60    0.40    0.20    0.00    0.20    0.20
d74  |    0.11    0.06    0.03    0.03    0.75    0.08    0.03    0.03    0.03    0.00
d75  |    0.43    0.29    0.14    0.14    0.29    0.14    0.14    0.14    0.14    0.00
d76  |    1.00    0.25    0.50    0.25    0.75    0.00    0.25    0.50    0.25    0.00
d77  |    0.00    0.33    0.00    0.00    0.00    0.00    0.17    1.00    0.17    0.00
d78  |    0.00    0.50    0.25    0.00    0.00    0.00    0.25    0.00    0.25    0.00
d79  |    0.11    0.11    0.00    0.06    0.00    0.06    0.06    0.00    0.06    0.11
d80  |    0.00    0.20    0.60    0.00    0.00    0.00    0.20    0.40    0.20    0.00
d81  |    0.33    0.33    0.33    0.33    0.00    0.00    0.33    0.00    0.33    0.00
d82  |    0.50    0.33    0.50    0.17    0.00    0.00    0.17    0.17    0.17    0.00
d83  |    0.40    0.20    0.60    0.40    0.20    0.20    0.60    0.60    0.20    0.00
d84  |    0.00    0.25    0.50    0.00    0.00    0.00    0.25    0.25    0.25    0.00
d85  |    0.25    0.50    0.00    0.00    1.00    0.00    0.25    0.00    0.25    0.00
d86  |    0.60    0.40    0.00    0.00    0.00    0.00    0.20    0.00    0.20    0.00
d87  |    0.00    0.33    0.00    0.00    0.00    0.00    0.67    0.00    0.33    0.00
d88  |    0.00    0.33    0.00    0.00    0.00    0.00    0.67    0.00    0.33    0.00
d89  |    0.20    0.40    0.00    0.00    0.00    0.00    0.20    0.00    0.20    0.00
d90  |    0.32    0.05    0.73    0.00    0.59    0.00    0.34    0.02    0.02    0.02
d91  |    0.35    0.04    0.58    0.02    1.00    0.00    0.02    0.00    0.02    0.00
d92  |    0.00    1.00    0.00    0.00    0.00    0.00    0.50    0.00    0.50    0.00
d93  |    0.00    0.20    0.20    0.00    0.00    0.00    0.20    0.20    0.20    0.00
d94  |    0.00    0.29    0.00    0.00    0.86    0.00    0.14    0.00    0.14    0.00
d95  |    0.00    0.67    0.33    0.00    0.00    0.00    0.33    0.00    0.33    0.00
d96  |    0.22    0.11    1.00    0.22    0.00    0.11    0.11    0.89    0.11    0.00
d97  |    0.00    0.33    0.67    0.00    0.33    0.00    0.33    0.67    0.33    0.00
d98  |    0.00    0.50    0.00    0.00    0.00    0.00    0.25    0.00    0.25    0.00
d99  |    0.00    0.20    0.00    0.20    0.40    0.00    0.20    0.00    0.20    0.00
d100 |    0.17    0.17    0.17    0.17    0.50    0.00    0.17    0.17    0.17    0.00
d101 |    0.89    0.22    0.11    0.00    0.44    0.00    0.11    0.00    0.22    0.00
d102 |    0.31    0.06    0.38    0.00    1.00    0.00    0.12    0.00    0.06    0.00
d103 |    0.08    0.17    0.00    0.00    0.00    0.00    0.08    0.00    0.08    0.00
d104 |    1.00    0.25    0.25    0.00    0.00    0.00    0.25    0.25    0.25    0.00
d105 |    0.00    0.20    0.40    0.00    0.20    0.00    0.20    0.20    0.20    0.00
d106 |    0.00    0.33    0.00    0.00    0.00    0.00    0.67    0.00    0.33    0.00
d107 |    1.00    0.50    0.50    0.75    0.00    0.00    0.25    0.25    0.25    0.00
d108 |    0.00    1.00    0.50    0.00    0.50    0.00    0.50    0.50    0.50    0.00
d109 |    0.11    0.22    0.44    0.00    0.00    0.00    0.11    0.00    0.22    0.00
d110 |    0.00    0.33    0.00    0.00    0.00    0.00    0.67    0.00    0.33    0.00
d111 |    0.00    0.33    0.67    0.00    0.00    0.00    0.33    0.67    0.33    0.00
d112 |    0.33    0.33    0.33    0.33    0.00    0.00    0.33    0.00    0.33    0.00
d113 |    0.00    0.33    0.67    0.00    0.00    0.00    0.33    0.33    0.33    0.00
d114 |    0.00    0.14    0.00    0.00    0.43    0.00    0.14    0.00    0.14    0.00
d115 |    0.00    0.33    0.67    0.00    1.00    0.00    0.33    0.33    0.33    0.00
d116 |    0.17    0.33    0.17    0.00    0.17    0.00    0.17    0.00    0.17    0.00
d117 |    0.17    0.17    0.17    0.00    0.00    0.00    0.17    0.17    0.17    0.00
d118 |    0.17    0.17    0.00    0.00    0.00    0.17    0.17    0.00    0.17    0.00
d119 |    0.00    0.15    0.00    0.00    0.00    0.00    0.08    0.00    0.08    0.00
d120 |    0.00    0.14    0.71    0.00    0.00    0.00    0.57    0.14    0.14    0.00
d121 |    0.00    0.05    0.20    0.00    0.22    0.05    0.02    0.07    0.02    0.00
d122 |    0.10    0.10    1.00    0.00    0.00    0.30    0.10    0.20    0.10    0.00
d123 |    0.27    0.09    0.00    0.09    0.00    0.09    0.09    0.00    0.09    0.00
d124 |    0.00    0.07    0.00    0.00    0.00    0.00    0.07    0.00    0.07    0.00
d125 |    0.12    0.12    0.38    0.12    0.12    0.12    0.12    0.38    0.12    0.00
d126 |    0.00    0.33    0.00    0.00    0.00    0.00    0.33    0.00    0.17    0.00
d127 |    0.43    0.14    0.29    0.00    0.14    0.43    0.14    0.29    0.14    0.00
d128 |    0.12    0.06    0.19    0.06    0.19    0.06    0.06    0.12    0.06    0.00
d129 |    0.43    0.29    0.43    0.14    0.00    0.00    0.14    0.14    0.14    0.00
d130 |    0.25    0.12    0.00    0.00    0.00    0.00    0.12    0.00    0.12    0.00
d131 |    0.25    0.25    0.50    0.00    0.00    0.25    0.25    0.50    0.25    0.00
d132 |    0.50    1.00    0.50    0.00    0.00    0.00    0.50    0.00    0.50    0.00
d133 |    0.00    0.33    0.00    0.00    0.00    0.00    0.67    0.00    0.33    0.00
d134 |    0.50    0.17    1.00    0.33    0.00    0.00    0.17    1.00    0.17    0.00
d135 |    0.33    0.17    0.50    0.00    0.17    0.00    0.17    0.33    0.17    0.00
d136 |    0.25    0.50    0.25    0.25    0.00    0.00    0.25    0.00    0.25    0.25
d137 |    0.17    0.17    0.17    0.00    0.00    0.00    0.17    0.00    0.17    0.00
d138 |    0.00    0.67    0.00    0.00    0.00    0.00    0.33    0.00    0.33    0.00
d139 |    0.69    0.06    0.12    0.06    0.00    0.00    0.06    0.06    0.06    0.00
d140 |    0.08    0.17    0.25    0.08    0.00    0.00    0.17    0.08    0.08    0.00
d141 |    0.00    0.50    0.50    0.00    0.00    0.00    0.25    0.25    0.25    0.25
d142 |    0.12    0.12    0.25    0.00    0.00    0.12    0.12    0.25    0.12    0.00
d143 |    0.12    0.12    0.38    0.12    0.12    0.12    0.12    0.38    0.12    0.00
d144 |    0.10    0.03    0.03    0.00    0.03    0.00    0.03    0.00    0.03    0.00
d145 |    0.80    0.20    0.40    0.80    0.00    0.40    0.20    0.00    0.20    0.00
d146 |    0.00    0.14    0.14    0.00    0.00    0.00    0.14    0.00    0.14    0.00
d147 |    0.17    0.17    0.17    0.00    0.17    0.00    0.17    0.17    0.33    0.00
d148 |    0.22    0.11    0.33    0.22    0.00    0.11    0.33    0.33    0.11    0.00
d149 |    0.08    0.04    0.29    0.08    0.00    0.04    0.04    0.25    0.04    0.00
d150 |    1.00    0.17    0.33    0.50    0.00    0.17    0.17    0.50    0.17    0.00
d151 |    0.00    0.17    0.00    0.00    0.17    0.00    0.08    0.00    0.17    0.00
d152 |    0.00    0.12    0.62    0.00    0.12    0.00    0.12    0.25    0.12    0.00
d153 |    0.00    0.33    0.00    0.00    0.00    0.00    0.67    0.00    0.33    0.00
d154 |    0.00    0.67    0.33    0.00    0.00    0.00    0.33    0.00    0.33    0.00
d155 |    0.00    0.03    0.03    0.00    0.00    0.00    0.03    0.03    0.03    0.00
d156 |    0.60    0.10    0.00    0.25    0.65    0.00    0.15    0.00    0.05    0.00
d157 |    0.12    0.12    0.00    0.12    0.00    0.12    0.12    0.00    0.12    0.00
d158 |    0.67    0.17    0.50    0.50    0.00    0.00    0.17    0.67    0.17    0.00
d159 |    0.50    0.25    0.50    0.25    0.00    0.25    0.25    0.25    0.25    0.00
d160 |    0.00    0.25    0.50    0.00    0.25    0.00    0.25    0.25    0.25    0.00
d161 |    1.00    0.17    0.50    0.67    0.00    0.33    0.17    0.50    0.17    0.00
d162 |    0.57    0.14    0.29    0.14    0.00    0.14    0.14    0.29    0.14    0.00
d163 |    0.07    0.13    0.13    0.00    0.07    0.13    0.20    0.13    0.07    0.00
d164 |    0.00    0.05    0.05    0.00    0.40    0.00    0.05    0.05    0.05    0.00
d165 |    0.20    0.20    0.20    0.20    0.00    0.20    0.20    0.20    0.20    0.00
d166 |    0.11    0.22    0.22    0.00    0.67    0.00    0.11    0.00    0.11    0.00
d167 |    0.29    0.14    0.00    0.21    0.00    0.00    0.07    0.00    0.07    0.00
d168 |    0.00    0.25    0.00    0.00    0.25    0.00    0.12    0.00    0.12    0.00
d169 |    0.18    0.12    0.24    0.06    0.71    0.06    0.12    0.00    0.06    0.00
d170 |    0.00    0.50    1.00    0.00    0.00    0.00    0.50    0.50    0.50    0.00
d171 |    0.38    0.08    0.62    0.15    0.00    0.08    0.08    0.46    0.08    0.00
d172 |    0.40    0.20    0.40    0.20    0.40    0.20    0.20    0.20    0.20    0.00
d173 |    1.00    0.17    0.67    0.67    0.00    0.17    0.17    0.67    0.17    0.00
d174 |    0.20    0.20    0.20    0.00    0.00    0.00    0.20    0.20    0.20    0.00
d175 |    0.00    0.33    0.00    0.00    0.00    0.00    0.33    0.00    0.33    0.00
d176 |    0.14    0.29    0.14    1.00    0.00    0.00    0.14    0.00    0.14    0.00
d177 |    0.00    0.50    0.00    0.00    0.50    0.00    0.50    0.00    0.50    0.00
d178 |    0.00    0.33    0.00    0.00    0.00    0.00    0.33    0.33    0.33    0.00
d179 |    0.50    0.17    0.25    0.00    0.67    0.00    0.08    0.00    0.08    0.00
d180 |    0.00    0.33    0.00    0.00    0.00    0.00    0.67    0.00    0.33    0.00
d181 |    0.00    0.12    0.12    0.00    0.50    0.00    0.12    0.00    0.12    0.00
d182 |    0.00    0.10    0.00    0.00    0.10    0.00    0.10    0.00    0.10    0.00
d183 |    0.13    0.04    0.22    0.09    0.26    0.04    0.04    0.04    0.04    0.00
d184 |    0.33    0.08    0.00    0.00    0.00    0.00    0.08    0.00    0.08    0.00
d185 |    0.40    0.20    0.00    0.00    0.20    0.00    0.20    0.00    0.20    0.00
d186 |    0.25    0.12    0.38    0.25    0.12    0.12    0.12    0.38    0.12    0.00
d187 |    0.00    0.33    0.67    0.00    0.00    0.00    0.33    0.67    0.33    0.00
d188 |    0.00    0.09    0.27    0.00    0.00    0.00    0.09    0.09    0.09    0.00
d189 |    0.20    0.20    0.40    0.00    0.40    0.00    0.20    0.20    0.20    0.00
d190 |    0.00    0.20    0.00    0.00    0.10    0.00    0.10    0.00    0.10    0.00
d191 |    0.50    0.33    0.00    0.33    0.00    0.50    0.17    0.17    0.17    0.00
d192 |    0.50    0.50    0.25    0.25    0.00    0.50    0.25    0.25    0.25    0.00
d193 |    0.43    0.29    0.00    0.29    0.29    0.43    0.14    0.00    0.14    0.00
d194 |    1.00    0.50    0.75    0.75    0.00    0.50    0.25    0.25    0.25    0.00
d195 |    0.80    0.40    0.00    1.00    0.00    1.00    0.20    0.00    0.20    0.80
d196 |    0.40    0.40    0.40    0.20    0.00    0.20    0.20    0.40    0.20    0.20
d197 |    0.80    0.40    0.80    0.80    0.60    0.80    0.20    0.80    0.20    1.00
d198 |    0.62    0.25    0.12    0.62    0.12    0.12    0.12    0.00    0.12    0.25
d199 |    1.00    0.50    0.25    0.50    0.00    0.50    0.25    0.25    0.25    0.50
d200 |    1.00    0.50    0.75    0.25    0.00    0.25    0.25    0.75    0.25    0.00
d201 |    0.25    0.50    1.00    0.25    0.00    0.25    0.25    0.25    0.25    0.50
d202 |    0.22    0.22    0.44    0.11    0.00    0.11    0.11    0.22    0.11    0.00
d203 |    0.67    0.33    0.67    0.67    0.00    0.67    0.17    0.67    0.17    1.00
d204 |    0.00    1.00    1.00    0.00    0.00    0.00    0.50    1.00    0.50    0.00
d205 |    0.20    0.40    0.00    0.20    1.00    0.20    0.20    0.00    0.20    0.00
d206 |    0.45    0.18    0.45    0.55    0.00    0.27    0.09    0.09    0.09    0.00
d207 |    0.00    1.00    1.00    0.00    0.00    0.00    0.50    1.00    0.50    0.00
d208 |    0.40    0.40    0.40    0.20    0.00    0.00    0.20    0.60    0.20    0.60
d209 |    1.00    0.40    0.60    0.40    0.20    0.60    0.20    0.60    0.20    0.80
d210 |    0.17    0.17    0.25    0.17    0.08    0.08    0.08    0.33    0.08    0.08
d211 |    0.67    0.22    0.11    0.11    0.33    0.11    0.11    0.11    0.11    0.00
d212 |    1.00    0.40    0.20    0.60    0.00    0.40    0.20    0.40    0.20    0.80
d213 |    0.00    0.67    1.00    0.00    0.00    0.00    0.33    1.00    0.33    0.00
d214 |    0.67    0.67    0.33    0.67    0.00    0.00    0.33    1.00    0.33    0.33
d215 |    0.50    0.33    0.17    1.00    0.50    0.33    0.17    0.17    0.17    0.00
d216 |    1.00    0.40    0.60    0.60    0.00    0.80    0.20    0.40    0.20    0.20
d217 |    0.67    0.67    0.00    0.67    0.33    0.33    0.33    0.00    0.33    0.67
d218 |    1.00    0.50    0.50    1.00    0.25    0.50    0.25    0.25    0.25    0.75
d219 |    0.57    0.29    0.71    0.57    0.00    1.00    0.14    0.71    0.14    0.86
d220 |    0.00    0.67    0.67    0.00    0.33    0.00    0.33    1.00    0.33    0.00
d221 |    0.10    0.20    0.40    0.20    0.00    1.00    0.20    0.20    0.20    0.00
d222 |    0.33    0.33    0.00    0.17    0.00    0.50    0.17    0.00    0.17    0.00
d223 |    0.80    0.20    0.10    0.40    1.00    0.20    0.10    0.10    0.10    0.30
d224 |    0.56    0.22    0.00    0.44    0.00    0.56    0.11    0.00    0.11    1.00
d225 |    0.00    0.67    1.00    0.00    0.00    0.00    0.33    0.67    0.33    0.00
d226 |    0.33    0.67    0.33    0.33    0.00    0.33    0.33    0.00    0.33    0.67
d227 |    0.00    1.00    0.50    0.00    0.00    0.00    0.50    0.00    0.50    0.00
d228 |    0.00    1.00    0.00    0.00    0.00    0.00    0.50    0.00    0.50    0.00
d229 |    0.29    0.29    0.43    0.29    0.57    0.14    0.14    0.43    0.14    0.29
d230 |    0.33    0.67    0.33    0.33    0.00    0.33    0.33    0.67    0.33    0.67
d231 |    0.50    0.50    1.00    0.50    0.75    0.50    0.25    0.50    0.25    0.75
d232 |    0.67    0.22    1.00    0.67    0.00    0.56    0.22    0.56    0.11    0.44
d233 |    0.25    0.50    0.50    0.25    0.00    0.50    0.25    0.75    0.25    0.00
d234 |    0.00    0.17    0.00    0.00    0.00    0.00    0.08    0.00    0.08    0.00
d235 |    0.50    0.50    0.50    0.50    0.00    0.75    0.25    0.75    0.25    0.00
d236 |    0.67    0.33    0.17    0.50    0.17    0.67    0.17    0.17    0.17    0.00
d237 |    0.33    0.33    0.33    0.33    0.33    0.33    0.17    0.17    0.17    1.00
d238 |    0.33    0.67    0.00    0.33    0.33    0.33    0.33    0.00    0.33    0.33
d239 |    0.00    1.00    0.00    0.00    0.00    0.00    0.50    0.00    0.50    0.00
d240 |    0.00    1.00    0.50    0.00    0.00    0.00    0.50    0.50    0.50    0.00
d241 |    0.20    0.20    0.20    0.20    0.00    0.40    0.10    0.20    0.10    0.30
d242 |    0.80    0.40    0.00    0.60    0.40    0.40    0.20    0.20    0.20    0.80
d243 |    0.40    0.40    0.00    0.20    0.40    0.20    0.20    0.00    0.20    0.40
d244 |    0.40    0.40    0.40    0.40    0.00    0.20    0.20    0.40    0.20    0.40
d245 |    0.50    0.50    0.25    0.50    0.50    0.25    0.25    0.25    0.25    0.00
d246 |    0.00    1.00    0.50    0.00    0.00    0.00    0.50    0.50    0.50    0.00
d247 |    0.40    0.40    0.40    0.40    0.20    0.20    0.20    0.20    0.20    0.00
d248 |    0.00    1.00    0.50    0.00    0.00    0.00    0.50    0.50    0.50    0.00
d249 |    0.40    0.40    0.20    0.40    0.20    0.40    0.20    0.40    0.20    0.80
d250 |    0.75    0.50    0.00    0.75    0.00    0.75    0.25    0.00    0.25    0.75
d251 |    0.00    1.00    0.00    0.00    0.00    0.00    0.50    0.00    0.50    0.00
d252 |    0.67    0.67    0.33    0.67    0.33    0.67    0.33    0.33    0.33    0.67
d253 |    0.80    0.40    0.00    1.00    0.00    0.60    0.20    0.00    0.20    0.60
d254 |    0.17    0.17    0.00    0.25    0.25    0.17    0.08    0.00    0.08    0.17
d255 |    1.00    0.40    0.40    0.80    0.00    0.40    0.20    0.60    0.20    0.00
d256 |    0.50    1.00    0.50    0.50    0.00    0.50    0.50    0.50    0.50    0.00
d257 |    0.33    0.67    0.00    0.33    0.67    0.33    0.33    0.67    0.33    0.00
d258 |    0.40    0.40    0.00    0.40    0.40    0.40    0.20    0.00    0.20    1.00
d259 |    0.33    0.33    1.00    0.33    0.00    0.00    0.17    0.33    0.17    0.00
d260 |    0.40    0.40    0.20    0.40    1.00    0.60    0.20    0.40    0.20    0.00
d261 |    0.60    0.40    0.20    0.60    0.20    0.80    0.20    0.00    0.20    0.80
d262 |    0.00    1.00    0.00    0.00    0.00    0.00    0.50    0.00    0.50    0.00
d263 |    0.00    0.33    0.00    0.00    0.00    0.00    0.67    0.00    0.33    0.00
d264 |    0.20    0.40    0.20    0.20    0.00    0.20    0.20    0.40    0.20    0.60
d265 |    1.00    0.67    0.33    0.67    0.33    0.33    0.33    0.33    0.33    0.00
d266 |    0.67    0.22    0.22    0.22    0.67    0.33    0.11    0.22    0.11    0.00
d267 |    0.33    0.67    0.67    0.33    0.00    0.33    0.33    0.67    0.33    0.00
d268 |    0.86    0.29    0.29    0.86    0.29    0.86    0.14    0.29    0.14    1.00
d269 |    0.09    0.09    0.00    0.05    1.00    0.09    0.05    0.05    0.05    0.00
d270 |    0.50    1.00    1.00    0.50    0.00    0.00    0.50    1.00    0.50    1.00
d271 |    0.33    0.67    0.67    0.00    0.00    0.00    0.33    0.00    0.33    0.00
d272 |    0.44    0.22    0.44    0.22    0.22    0.11    0.11    0.00    0.11    0.00
d273 |    0.00    1.00    1.00    0.00    0.00    0.00    0.50    0.50    0.50    0.00
d274 |    0.25    0.50    0.75    0.25    0.00    0.50    0.25    1.00    0.25    0.00
d275 |    0.10    0.20    1.00    0.00    0.10    0.10    0.10    0.50    0.10    0.40
d276 |    0.50    1.00    0.50    0.50    0.00    0.50    0.50    0.00    0.50    0.50
d277 |    0.50    1.00    0.50    0.50    0.00    0.50    0.50    0.50    0.50    0.00
d278 |    0.33    0.67    1.00    0.33    0.00    0.33    0.33    0.67    0.33    0.00
d279 |    0.40    0.40    0.20    0.40    0.00    0.60    0.20    0.20    0.20    0.00
d280 |    1.00    0.50    0.25    0.25    0.00    0.00    0.25    0.00    0.25    0.00
d281 |    0.71    0.29    0.43    0.57    0.57    0.86    0.29    0.29    0.14    0.00
d282 |    0.00    1.00    1.00    0.00    0.00    0.00    0.50    1.00    0.50    0.00
d283 |    0.00    1.00    0.50    0.00    0.00    0.00    0.50    0.00    0.50    0.00
d284 |    0.75    0.25    0.75    0.50    0.00    0.50    0.25    1.00    0.50    0.00
d285 |    0.05    0.09    0.36    0.05    0.14    0.05    0.05    0.09    0.05    0.23
d286 |    0.50    0.50    0.25    0.50    0.00    1.00    0.25    0.25    0.25    0.75
d287 |    0.55    0.18    1.00    0.55    0.00    0.36    0.18    0.73    0.18    0.00
d288 |    0.20    0.40    0.00    0.20    0.00    0.00    0.20    0.00    0.20    0.00
d289 |    0.10    0.20    0.10    0.10    1.00    0.10    0.10    0.00    0.10    0.00
d290 |    0.25    0.50    0.25    0.25    0.50    0.25    0.25    0.00    0.25    0.00
d291 |    0.60    0.40    0.20    0.60    0.00    0.60    0.20    0.20    0.20    1.00
d292 |    1.00    0.40    0.40    0.40    0.20    0.40    0.20    0.40    0.20    0.80
d293 |    0.00    1.00    0.00    0.00    0.00    0.00    0.50    0.00    0.50    0.00
d294 |    0.75    0.50    0.00    0.25    0.25    0.25    0.25    0.00    0.25    0.00
d295 |    1.00    0.29    0.14    0.43    0.43    0.43    0.14    0.29    0.14    0.00
d296 |    0.33    0.67    0.00    0.33    0.33    0.67    0.33    0.33    0.33    1.00
d297 |    0.75    0.50    0.00    0.50    0.25    0.50    0.25    0.00    0.25    0.50
d298 |    0.00    0.50    0.25    0.00    0.00    0.00    0.25    0.25    0.25    0.00
d299 |    0.25    0.50    0.50    0.00    0.75    0.00    0.25    0.00    0.25    0.25
d300 |    1.00    0.40    0.40    1.00    0.20    0.60    0.20    0.20    0.20    0.80
d301 |    0.38    0.25    0.25    0.12    0.25    0.25    0.12    0.12    0.12    0.00
d302 |    0.40    0.40    0.00    0.40    0.00    0.40    0.20    0.00    0.20    1.00
d303 |    0.50    0.50    0.25    0.50    0.50    0.50    0.25    0.25    0.25    1.00
d304 |    0.00    1.00    0.00    0.00    0.00    0.00    0.50    0.00    0.50    0.00
d305 |    0.00    0.67    0.67    0.00    0.00    0.33    0.33    0.67    0.33    0.00
d306 |    0.00    1.00    0.00    0.00    0.00    0.00    0.50    0.00    0.50    0.00
d307 |    0.40    0.40    1.00    0.40    0.00    0.40    0.20    0.40    0.20    0.00
d308 |    0.33    0.67    0.33    0.33    0.33    0.00    0.33    0.67    0.33    1.00
d309 |    0.60    0.40    0.20    0.40    0.20    0.40    0.20    0.20    0.20    0.40
d310 |    0.20    0.20    0.00    0.20    0.20    0.20    0.10    0.10    0.10    0.00
d311 |    0.67    0.67    0.33    0.67    0.00    0.67    0.33    0.33    0.33    0.00
d312 |    0.25    0.50    1.00    0.75    0.00    0.00    0.25    0.25    0.25    0.25
d313 |    0.40    0.40    0.00    0.40    0.00    1.00    0.20    0.00    0.20    0.60
d314 |    0.40    0.40    0.20    0.20    0.00    1.00    0.20    0.20    0.20    0.80
d315 |    0.17    0.33    0.17    0.17    0.00    0.17    0.17    0.00    0.17    0.00
d316 |    0.00    1.00    0.50    0.00    0.50    0.00    0.50    1.00    0.50    1.00
d317 |    0.50    0.25    1.00    0.38    0.12    0.25    0.12    0.75    0.12    0.00
d318 |    0.33    0.67    0.67    0.33    0.00    0.33    0.67    0.33    0.33    0.00
d319 |    0.58    0.17    0.25    0.42    0.00    0.42    0.08    0.08    0.08    0.42
d320 |    0.05    0.03    0.13    0.03    0.00    0.03    0.03    0.13    0.03    0.00
d321 |    0.33    0.67    0.67    0.33    0.33    0.33    0.33    0.33    0.33    0.00
d322 |    0.25    0.50    0.50    0.25    1.00    0.25    0.25    0.25    0.25    0.75
d323 |    0.00    1.00    1.00    0.00    0.00    0.00    0.50    1.00    0.50    0.00
d324 |    1.00    0.50    0.00    0.75    0.00    0.75    0.25    0.00    0.25    1.00
d325 |    0.50    1.00    1.00    0.50    0.00    0.50    0.50    1.00    0.50    0.50
d326 |    0.00    1.00    1.00    0.00    0.00    0.00    0.50    0.00    0.50    0.50
d327 |    0.14    0.29    0.29    0.14    0.57    0.14    0.14    0.29    0.14    0.00
d328 |    0.50    1.00    0.50    0.50    0.00    0.50    0.50    0.50    0.50    1.00
d329 |    0.67    0.67    1.00    0.33    0.00    1.00    0.33    0.33    0.33    0.67
d330 |    0.00    0.67    0.33    0.00    0.00    0.00    0.33    0.00    0.33    0.00
d331 |    1.00    1.00    0.50    1.00    0.00    0.50    0.50    0.50    0.50    1.00
d332 |    0.00    1.00    0.00    0.00    0.00    0.00    0.50    0.00    0.50    0.00
d333 |    0.80    0.40    0.20    0.40    0.00    0.20    0.20    0.20    0.20    0.00
d334 |    0.50    0.50    0.50    0.25    0.50    0.75    0.25    1.00    0.25    0.75
d335 |    0.20    0.40    0.80    0.20    0.00    0.20    0.20    1.00    0.20    0.20
d336 |    0.67    0.67    0.67    0.33    0.00    0.00    0.33    0.33    0.33    1.00
d337 |    0.08    0.17    0.08    0.17    0.00    0.17    0.08    0.08    0.08    0.42
d338 |    0.67    0.67    0.00    0.67    0.00    0.67    0.33    0.00    0.33    0.00
d339 |    1.00    0.40    0.80    0.60    0.20    0.20    0.20    0.40    0.20    0.00
d340 |    0.29    0.29    0.86    0.29    0.14    0.00    0.14    0.57    0.14    0.00
d341 |    0.00    1.00    0.00    0.00    0.00    0.00    0.50    0.00    0.50    0.00
d342 |    0.80    0.40    0.40    0.60    0.00    1.00    0.20    0.20    0.40    0.80
d343 |    0.00    1.00    0.50    0.00    0.00    0.00    0.50    1.00    0.50    0.50
d344 |    1.00    0.50    1.00    0.50    0.00    0.25    0.25    0.75    0.25    1.00
d345 |    0.00    1.00    0.50    0.00    0.00    0.00    0.50    0.50    0.50    0.00
d346 |    0.67    0.33    0.00    0.17    0.00    0.33    0.17    0.00    0.17    0.00
d347 |    1.00    0.50    0.50    0.50    0.00    0.75    0.25    0.50    0.25    1.00
d348 |    0.33    0.67    0.00    0.33    0.00    0.33    0.33    0.33    0.33    0.00
d349 |    0.50    0.50    0.25    0.50    0.25    0.75    0.25    0.00    0.25    0.50
d350 |    0.20    0.40    0.00    0.20    1.00    0.40    0.20    0.00    0.20    0.00
d351 |    0.57    0.29    0.14    0.86    0.00    0.14    0.14    0.14    0.14    1.00
d352 |    0.67    0.33    0.33    1.00    0.17    0.50    0.17    0.67    0.17    0.50
d353 |    0.67    0.67    0.00    0.67    0.00    0.33    0.33    0.00    0.33    0.00
d354 |    0.00    0.67    0.00    0.00    0.00    0.00    0.33    0.00    0.33    0.00
d355 |    0.40    0.40    0.40    0.40    0.00    0.40    0.20    0.40    0.20    0.80
d356 |    0.33    0.67    0.00    0.00    0.33    0.67    0.33    0.00    0.33    0.00
d357 |    0.17    0.33    1.00    0.17    0.00    0.33    0.17    0.50    0.17    0.00
d358 |    0.75    0.50    0.25    0.75    0.00    0.00    0.25    0.00    0.25    0.50
d359 |    0.50    0.50    0.50    0.75    0.75    0.25    0.25    0.50    0.25    0.00
d360 |    0.83    0.33    0.17    0.17    0.00    0.17    0.17    0.17    0.17    0.00
d361 |    0.50    1.00    0.50    0.50    0.00    0.50    0.50    1.00    0.50    0.00
d362 |    0.60    0.40    0.20    0.40    0.00    0.40    0.20    0.00    0.20    0.00
d363 |    0.33    0.33    0.17    0.33    0.00    0.17    0.17    0.33    0.17    1.00
d364 |    0.75    0.50    0.50    0.25    0.75    0.50    0.25    0.50    0.25    0.25
d365 |    0.50    0.50    0.00    0.50    0.50    0.25    0.25    0.00    0.25    0.00
d366 |    0.50    0.33    0.17    0.67    0.00    0.50    0.17    0.00    0.17    0.00
d367 |    0.00    1.00    0.00    0.00    0.00    0.00    0.50    0.00    0.50    0.00
d368 |    0.75    0.50    0.25    0.50    0.50    0.50    0.25    0.00    0.25    0.00
d369 |    0.50    1.00    0.50    0.50    0.00    0.50    0.50    0.50    0.50    0.00
d370 |    0.20    0.40    0.00    0.20    0.00    0.20    0.20    0.20    0.20    0.60
d371 |    0.00    0.50    0.25    0.00    0.00    0.00    0.25    0.25    0.25    0.00
d372 |    0.00    1.00    0.00    0.00    0.00    0.00    0.50    0.00    0.50    0.00
d373 |    0.29    0.29    0.57    0.29    0.71    0.43    0.57    0.14    0.14    0.00
d374 |    0.33    0.67    1.00    0.33    0.00    0.67    0.33    0.33    0.33    0.00
d375 |    0.33    0.67    0.33    0.33    0.00    0.00    0.33    0.33    0.33    0.67
d376 |    0.60    0.40    0.40    0.20    0.20    0.40    0.20    0.40    0.20    0.00
d377 |    0.10    0.20    0.00    0.10    0.00    0.20    0.10    0.00    0.10    0.00
d378 |    0.50    0.25    0.12    0.38    0.12    0.25    0.12    0.00    0.12    1.00
d379 |    0.00    1.00    1.00    0.00    0.00    0.00    1.00    0.50    0.50    0.00
d380 |    0.25    0.17    0.33    0.08    0.08    0.08    0.08    0.33    0.08    0.25
d381 |    0.67    0.67    0.00    0.33    0.00    0.33    0.33    0.00    0.33    1.00
d382 |    0.00    0.40    1.00    0.00    0.00    0.00    0.20    0.60    0.20    0.20
d383 |    0.33    0.67    0.33    0.33    0.00    0.33    0.33    1.00    0.33    0.00
d384 |    0.67    0.67    0.00    0.33    0.67    0.33    0.33    0.00    0.33    0.33
d385 |    0.50    1.00    0.50    0.50    0.00    0.50    0.50    1.00    0.50    0.00
d386 |    1.00    1.00    1.00    1.00    0.00    1.00    0.50    1.00    0.50    0.50
d387 |    0.67    0.67    0.67    0.67    0.00    0.67    0.33    0.33    0.33    1.00
d388 |    0.50    1.00    0.50    0.50    0.00    0.50    0.50    0.50    0.50    0.00
d389 |    0.00    1.00    0.50    0.00    0.00    0.00    0.50    0.50    0.50    0.00
d390 |    0.50    0.50    0.00    0.25    0.00    0.25    0.25    0.50    0.25    0.75
d391 |    0.00    0.50    1.00    0.00    0.00    0.00    0.25    0.50    0.25    0.00
d392 |    0.00    1.00    0.50    0.00    0.00    0.00    0.50    0.50    0.50    0.00
d393 |    0.00    0.50    0.25    0.25    0.00    0.00    0.25    0.00    0.50    0.00
d394 |    0.25    0.50    0.25    0.25    0.00    0.25    0.25    0.75    0.25    1.00
d395 |    0.43    0.29    0.43    0.29    0.00    0.29    0.14    0.29    0.14    0.00
d396 |    1.00    0.40    0.80    0.60    0.20    0.80    0.40    0.20    0.20    1.00
d397 |    0.00    1.00    1.00    0.00    0.00    0.00    0.50    0.50    0.50    0.00
d398 |    0.80    0.40    0.20    1.00    0.20    0.40    0.20    0.20    0.40    0.60
d399 |    0.60    0.40    1.00    0.40    0.20    0.20    0.20    0.60    0.20    0.40
d400 |    0.50    1.00    1.00    0.50    0.00    0.50    0.50    0.50    0.50    0.00
d401 |    0.00    1.00    0.00    0.00    0.00    0.00    0.50    0.50    0.50    0.00
d402 |    0.20    0.40    0.20    0.20    0.20    0.20    0.20    0.20    0.20    0.00
d403 |    0.33    0.67    0.33    0.33    0.00    0.33    0.33    0.33    0.33    0.00
d404 |    0.00    0.67    0.33    0.00    0.00    0.00    0.33    0.33    0.33    0.00
d405 |    1.00    0.67    1.00    1.00    0.00    0.67    0.33    1.00    0.33    1.00
d406 |    0.67    0.67    0.00    0.67    0.00    0.00    0.33    0.00    0.33    0.67
d407 |    0.67    0.67    0.33    0.33    0.67    0.33    0.33    0.33    0.33    0.33
d408 |    0.14    0.29    0.43    0.29    0.29    0.29    0.14    0.00    0.14    0.71
d409 |    0.18    0.18    0.09    0.18    0.09    0.18    0.09    0.18    0.09    0.00
d410 |    0.25    0.50    1.00    0.25    0.00    0.25    0.25    0.50    0.25    0.00
d411 |    0.33    0.67    0.33    0.33    0.00    0.33    0.33    0.33    0.33    0.00
d412 |    0.43    0.29    0.00    0.29    0.00    1.00    0.14    0.14    0.14    0.57
d413 |    0.20    0.40    0.00    0.20    0.00    0.60    0.20    0.00    0.20    0.00
d414 |    0.50    0.50    0.00    0.50    0.50    0.25    0.25    0.00    0.25    0.75
d415 |    0.00    1.00    0.00    0.00    0.00    1.00    0.50    0.00    0.50    0.50
d416 |    0.00    0.67    0.00    0.00    0.33    0.00    0.33    0.33    0.33    0.33
d417 |    0.50    0.50    1.00    0.25    0.00    0.25    0.25    0.75    0.25    0.00
d418 |    0.33    0.67    0.67    0.33    0.00    0.00    0.33    0.33    0.33    0.67
d419 |    0.00    1.00    0.00    0.00    0.00    0.00    0.50    0.00    0.50    0.00
d420 |    0.71    0.29    0.00    0.43    0.00    0.57    0.14    0.29    0.14    1.00
d421 |    0.20    0.20    0.20    0.10    0.20    0.10    0.10    0.20    0.10    0.00
d422 |    0.75    0.50    0.00    0.75    0.00    1.00    0.25    0.00    0.25    0.00
d423 |    0.10    0.20    0.00    0.10    0.00    0.00    0.10    0.00    0.10    0.20
d424 |    0.33    0.67    0.33    0.33    0.00    0.00    0.33    1.00    0.33    0.00
d425 |    0.17    0.33    0.83    0.17    0.00    0.17    0.17    0.17    0.17    0.00
d426 |    1.00    0.67    1.00    0.67    0.67    0.67    0.67    0.33    0.33    1.00
d427 |    0.09    0.18    0.00    0.09    0.36    0.09    0.09    0.00    0.09    0.00
d428 |    0.00    1.00    0.50    0.00    0.00    0.00    0.50    1.00    0.50    0.50
d429 |    0.29    0.29    0.43    0.00    0.00    0.00    0.14    0.14    0.14    0.00
d430 |    0.80    0.40    0.20    1.00    0.00    0.60    0.20    0.20    0.20    0.80
d431 |    0.00    0.67    1.00    0.00    0.00    0.00    0.33    0.33    0.67    0.00
d432 |    0.80    0.40    0.40    0.80    0.40    0.60    0.20    0.00    0.20    0.80
d433 |    1.00    0.50    0.00    0.25    0.00    0.25    0.50    0.00    0.25    0.00
d434 |    0.33    0.67    0.00    0.33    0.00    0.33    0.33    0.67    0.33    1.00
d435 |    0.00    1.00    0.00    0.00    0.00    0.00    0.50    0.00    0.50    1.00
d436 |    0.17    0.33    0.33    0.00    0.00    0.00    0.17    0.33    0.17    0.33
d437 |    1.00    0.67    0.00    1.00    0.00    0.67    0.33    0.00    0.33    0.67
d438 |    0.17    0.17    0.08    0.17    1.00    0.42    0.17    0.00    0.08    0.00
d439 |    0.13    0.13    0.00    0.07    0.07    0.20    0.07    0.00    0.07    0.00
d440 |    0.67    0.67    0.67    0.67    0.33    0.33    0.33    0.67    0.33    0.00
d441 |    0.75    0.50    0.25    0.75    0.25    1.00    0.25    0.00    0.25    1.00
d442 |    0.12    0.25    0.25    0.25    0.00    0.62    0.12    0.12    0.25    0.00
d443 |    0.50    0.50    0.25    0.75    0.00    0.75    0.25    0.50    0.25    0.00
d444 |    0.50    1.00    1.00    0.00    0.50    0.50    0.50    0.00    0.50    0.50
d445 |    1.00    0.67    0.00    0.67    0.33    0.67    0.33    0.00    0.33    0.00
d446 |    0.80    0.40    0.20    0.40    0.00    0.40    0.20    0.40    0.20    1.00
d447 |    1.00    0.67    0.00    1.00    0.33    0.67    0.33    0.00    0.33    0.33
d448 |    0.75    0.50    0.25    0.25    0.00    0.00    0.25    0.00    0.25    0.00
d449 |    0.21    0.14    0.00    0.14    1.00    0.07    0.07    0.00    0.07    0.00
d450 |    0.86    0.29    0.14    0.57    0.00    0.86    0.14    0.14    0.14    0.57
d451 |    0.00    1.00    1.00    0.00    0.00    0.00    0.50    1.00    0.50    0.00
d452 |    0.00    0.50    0.25    0.00    0.00    0.00    0.25    0.00    0.25    0.00
d453 |    0.75    0.50    0.00    0.50    0.00    1.00    0.25    0.00    0.25    0.00
d454 |    0.00    1.00    0.00    0.00    0.00    0.50    0.50    0.00    0.50    0.00
d455 |    0.00    0.67    0.33    0.00    0.00    0.00    0.33    0.33    0.33    0.00
d456 |    0.00    0.40    1.00    0.00    0.00    0.00    0.20    0.20    0.20    0.00
d457 |    1.00    0.25    0.88    0.75    0.38    0.50    0.12    0.38    0.12    0.50
